version https://git-lfs.github.com/spec/v1
oid sha256:d854655776732fd7dc451e7becf6a540e9fd00ff0f448933f21c514c85c8ef08
size 167847
